PADDLE 299.583 550
BALL 167.71 467.187 285.848 285.848
SCORE 90
BLOCKS_COUNT 33
0 50 3
133.667 50 3
267.333 50 3
401 50 3
534.667 50 3
668.333 50 3
0 77 2
133.667 77 2
267.333 77 2
401 77 2
534.667 77 2
668.333 77 2
0 104 2
133.667 104 2
267.333 104 2
401 104 2
534.667 104 2
668.333 104 2
0 131 1
133.667 131 1
267.333 131 1
401 131 1
534.667 131 1
668.333 131 1
0 158 1
133.667 158 1
267.333 158 1
401 158 1
668.333 158 1
133.667 185 1
267.333 185 1
401 185 1
401 212 1
